318
339
340
340
341
344
346
347
349
350
352
354
355
355
356
357
358
360
361
362
364
365
365
365
366
367
368
371
372
373
375
376
377
379
380
381
384
386
388
389
391
393
395
396
397
402
404
405
406
408
409
411
413
415
416
418
419
421
422
423
426
426
427
427
428
428
429
429
432
433
434
435
436
436
436
437
437
437
438
439
440
440
442
444
445
446
447
448
450
452
453
454
455
456
462
464
465
466
468
469
470
471
472
473
475
476
478
479
481
483
484
487
488
489
489
490
516
518
519
520
521
522
523
525
526
528
531
532
534
535
536
537
537
538
538
539
540
541
541
542
543
543
544
546
547
548
550
551
552
552
553
553
554
554
561
565
566
567
568
569
570
571
572
573
575
576
577
577
578
579
580
582
583
583
584
586
587
587
588
589
589
590
590
591
592
596
597
598
598
599
600
600
601
602
603
604
606
607
607
608
609
609
610
610
611
611
612
613
619
621
622
623
624
625
626
627
628
629
630
631
632
640
641
642
643
644
644
645
647
648
649
651
652
653
654
656
657
658
660
662
663
665
666
668
669
670
670
671
676
677
678
678
679
680
681
682
683
683
683
684
685
685
685
686
686
693
694
695
696
696
697
697
698
698
699
704
706
711
713
714
715
715
715
716
717
722
724
725
726
727
727
728
728
729
731
733
737
740
741
742
742
743
743
743
744
744
744
754
756
756
757
757
758
759
759
760
760
766
767
768
775
777
779
780
780
781
781
781
781
782
791
792
792
793
794
794
795
796
796
797
798
798
805
807
808
810
811
813
815
817
818
819
820
822
824
827
829
831
832
832
833
834
834
835
836
837
838
839
839
840
844
845
845
846
848
849
850
851
851
852
853
854
855
855
856
856
857
857
858
859
860
861
861
862
863
865
865
866
866
867
867
867
868
868
869
869
870
870
871
872
873
874
875
876
878
879
880
882
883
884
885
886
886
887
888
888
889
890
890
891
892
893
894
895
896
896
896
897
898
898
899
899
900
901
902
903
905
907
911
912
913
915
923
927
929
931
934
935
935
936
936
936
936
936
956
957
962
964
965
966
971
972
973
974
974
975
982
983
985
986
987
988
989
990
991
992
992
1000
1002
1003
1004
1005
1006
1007
1008
1011
1012
1013
1014
1015
1016
1017
1024
1026
1027
1028
1030
1032
1034
1035
1036
1037
1037
1038
1046
1047
1047
1048
1048
1048
1048
1048
1049
1049
1049
1049
1049
1050
1050
1050
1050
1050
1050
1050
1051
1051
1060
1061
1061
1062
1062
1063
1064
1065
1066
1067
1068
1069
1070
1081
1082
1083
1083
1083
1083
1083
1084
1084
1084
1106
1107
1108
1109
1109
1109
1110
1110
1110
1111
1130
1131
1133
1134
1135
1136
1136
1136
1136
1137
1137
1137
1164
1165
1166
1166
1166
1167
1167
1167
1168
1168
1168
1169
1169
1169
1181
1182
1183
1183
1183
1184
1184
1184
1185
1185
1185
1185
1185
1185
1186
1186
1186
1199
1200
1200
1200
1200
1201
1202
1202
1203
1204
1205
1206
1206
1207
1207
1207
1223
1225
1226
1227
1227
1228
1229
1231
1232
1233
1234
1235
1236
1237
1248
1249
1250
1251
1252
1252
1253
1253
1253
1253
1254
1268
1268
1269
1271
1271
1271
1271
1272
1272
1272
1272
1273
1273
1273
1274
1274
1274
1274
1274
1275
1275
1275
1275
1275
1276
1276
1276
1276
1276
1276
1277
1277
1277
1277
1278
1278
1279
1280
1296
1297
1297
1297
1297
1297
1298
1298
1298
1299
1299
1299
1299
1300
1300
1300
1300
1300
1301
1301
1301
1301
1301
1302
1302
1302
1302
1303
1303
1303
1304
1304
1304
1304
1304
1305
1305
1306
1306
1306
1306
1306
1307
1307
1308
1310
1311
1311
1311
1312
1312
1312
1312
1312
1312
1313
1313
1313
1313
1313
1314
1314
1314
1314
1314
1314
1314
1315
1315
1316
1316
1316
1316
1317
1317
1317
1317
1318
1318
1318
1318
1318
1319
1319
1319
1319
1319
1319
1319
1320
1320
1320
1320
1321
1321
1322
1322
1322
1323
1323
1323
1323
1323
1323
1323
1326
1327
1327
1327
1327
1327
1327
1327
1327
1328
1328
1329
1329
1330
1330
1330
1330
1331
1331
1331
1331
1331
1332
1332
1332
1333
1333
1333
1333
1333
1333
1334
1334
1334
1334
1335
1335
1335
1335
1335
1335
1335
1336
1336
1336
1336
1336
1336
1336
1336
1337
1337
1337
1337
1337
1337
1338
1338
1338
1350
1351
1351
1351
1351
1351
1352
1352
1352
1352
1353
1353
1353
1353
1353
1353
1354
1354
1354
1354
1354
1354
1354
1355
1355
1355
1355
1355
1355
1355
1355
1356
1356
1356
1356
1356
1356
1356
1357
1357
1357
1358
1359
1361
1361
1361
1361
1362
1362
1362
1362
1362
1362
1363
1363
1364
1364
1364
1365
1365
1366
1366
1366
1367
1367
1367
1367
1367
1367
1367
1367
1368
1368
1368
1368
1368
1368
1369
1369
1369
1369
1369
1369
1369
1369
1370
1370
1370
1370
1370
1370
1370
1371
1371
1371
1371
1371
1371
1372
1372
1372
1372
1373
1373
1373
1373
1373
1373
1374
1374
1375
1377
1377
1378
1378
1378
1378
1378
1379
1379
1379
1380
1381
1381
1381
1381
1381
1382
1382
1382
1383
1383
1383
1384
1384
1384
1384
1384
1385
1385
1385
1385
1385
1385
1385
1386
1386
1386
1387
1387
1387
1387
1387
1387
1388
1388
1388
1388
1388
1388
1388
1388
1388
1389
1389
1389
1389
1389
1389
1389
1389
1390
1390
1390
1390
1390
1390
1391
1391
1391
1392
1405
1405
1406
1406
1406
1406
1406
1406
1406
1406
1406
1406
1407
1407
1407
1407
1407
1407
1407
1407
1407
1408
1408
1408
1408
1409
1409
1409
1409
1410
1411
1411
1411
1411
1411
1411
1412
1412
1412
1412
1413
1414
1414
1414
1414
1414
1414
1414
1414
1414
1416
1416
1416
1416
1416
1416
1416
1416
1416
1417
1417
1418
1418
1418
1418
1418
1419
1419
1419
1419
1420
1420
1420
1420
1420
1420
1421
1421
1421
1421
1421
1421
1421
1422
1422
1422
1422
1422
1422
1422
1423
1423
1423
1423
1423
1423
1423
1424
1424
1424
1424
1424
1424
1424
1425
1425
1425
1426
1426
1426
1426
1427
1427
1427
1428
1428
1428
1428
1431
1432
1432
1433
1433
1433
1433
1433
1433
1434
1434
1434
1434
1434
1435
1435
1435
1435
1435
1435
1435
1436
1436
1436
1436
1436
1436
1436
1437
1437
1437
1437
1437
1437
1437
1437
1437
1438
1438
1438
1438
1438
1438
1438
1438
1439
1439
1439
1439
1439
1439
1439
1439
1440
1454
1455
1455
1455
1455
1455
1455
1456
1456
1456
1456
1456
1456
1457
1457
1457
1457
1457
1457
1457
1457
1458
1458
1458
1459
1460
1461
1461
1461
1461
1461
1461
1461
1462
1462
1462
1462
1462
1462
1462
1462
1463
1463
1463
1463
1463
1463
1464
1464
1464
1464
1464
1464
1464
1465
1465
1465
1465
1465
1465
1465
1466
1466
1466
1466
1466
1466
1466
1466
1466
1467
1467
1467
1467
1467
1467
1467
1467
1467
1467
1468
1468
1468
1468
1468
1468
1468
1468
1469
1469
1469
1469
1469
1469
1469
1470
1470
1470
1470
1470
1470
1470
1470
1470
1471
1471
1471
1471
1471
1471
1471
1472
1472
1472
1472
1472
1472
1472
1472
1473
1473
1473
1473
1473
1473
1473
1473
1473
1473
1473
1474
1474
1474
1474
1474
1474
1475
1475
1475
1475
1476
1476
1477
1477
1477
1478
1478
1478
1479
1479
1479
1479
1479
1479
1479
1479
1480
1480
1480
1480
1481
1481
1481
1481
1481
1481
1482
1482
1483
1483
1483
1483
1484
1484
1484
1484
1484
1485
1485
1485
1485
1485
1485
1485
1485
1485
1486
1486
1486
1486
1486
1486
1486
1486
1486
1487
1487
1487
1487
1487
1487
1487
1487
1487
1504
1504
1505
1505
1505
1505
1505
1505
1506
1506
1506
1506
1506
1506
1506
1506
1506
1507
1507
1507
1507
1507
1507
1507
1507
1507
1508
1508
1508
1508
1509
1509
1509
1509
1511
1511
1511
1512
1512
1512
1513
1513
1513
1513
1513
1514
1514
1514
1514
1515
1515
1515
1515
1515
1515
1515
1515
1516
1516
1516
1516
1516
1516
1516
1516
1516
1516
1517
1517
1517
1517
1517
1517
1517
1517
1517
1518
1518
1518
1518
1518
1518
1518
1519
1519
1519
1519
1519
1519
1519
1519
1519
1520
1520
1520
1520
1520
1520
1520
1520
1520
1521
1521
1521
1521
1521
1521
1521
1521
1522
1522
1522
1522
1522
1522
1523
1523
1523
1523
1523
1523
1523
1523
1523
1524
1524
1524
1524
1524
1524
1525
1525
1525
1527
1528
1528
1528
1528
1528
1528
1528
1529
1529
1529
1529
1529
1529
1529
1529
1530
1530
1530
1530
1530
1530
1530
1531
1531
1531
1532
1532
1532
1533
1533
1533
1534
1534
1535
1535
1535
1535
1536
1550
1550
1550
1550
1550
1550
1551
1551
1551
1551
1551
1551
1551
1551
1551
1552
1552
1552
1552
1552
1552
1552
1552
1552
1552
1553
1553
1553
1553
1553
1553
1553
1553
1553
1553
1553
1553
1554
1554
1554
1554
1554
1554
1554
1554
1555
1555
1555
1555
1555
1555
1555
1555
1555
1555
1556
1556
1556
1556
1556
1556
1556
1556
1556
1556
1557
1557
1557
1557
1557
1557
1557
1557
1558
1558
1558
1558
1558
1559
1559
1559
1561
1561
1562
1562
1562
1562
1562
1562
1562
1562
1563
1563
1563
1563
1563
1564
1564
1565
1565
1565
1565
1565
1565
1565
1566
1566
1566
1566
1566
1567
1567
1567
1567
1567
1567
1567
1568
1568
1568
1568
1568
1568
1568
1568
1569
1569
1569
1569
1569
1570
1570
1570
1570
1571
1571
1571
1571
1571
1571
1572
1572
1572
1572
1573
1573
1573
1573
1573
1573
1573
1573
1573
1573
1573
1573
1574
1574
1574
1574
1574
1574
1574
1575
1577
1578
1578
1578
1578
1579
1579
1579
1579
1579
1580
1580
1580
1580
1581
1581
1581
1581
1581
1582
1583
1584
1584
1584
1584
1584
1584
1584
1584
1584
1585
1585
1586
1586
1586
1586
1586
1586
1586
1586
1586
1587
1587
1587
1587
1587
1587
1587
1587
1587
1587
1587
1588
1588
1588
1588
1588
1588
1588
1588
1588
1588
1604
1604
1605
1605
1605
1605
1605
1605
1605
1605
1605
1605
1605
1605
1606
1606
1606
1606
1606
1606
1606
1606
1606
1606
1606
1607
1607
1607
1608
1609
1610
1611
1611
1611
1611
1611
1611
1611
1611
1612
1613
1613
1613
1614
1614
1614
1614
1614
1614
1615
1615
1616
1616
1616
1616
1617
1617
1617
1617
1617
1617
1618
1618
1618
1619
1619
1620
1621
1621
1621
1621
1621
1621
1621
1622
1622
1622
1622
1622
1622
1622
1622
1622
1623
1623
1623
1623
1623
1623
1623
1623
1623
1623
1623
1623
1623
1624
1624
1624
1624
1625
1625
1626
1626
1626
1626
1627
1627
1627
1628
1628
1628
1628
1628
1628
1629
1629
1629
1629
1629
1630
1630
1630
1630
1631
1631
1632
1632
1632
1632
1632
1632
1632
1633
1633
1633
1633
1633
1633
1633
1633
1633
1633
1633
1634
1634
1634
1634
1634
1634
1634
1634
1634
1634
1634
1634
1635
1635
1635
1635
1635
1635
1635
1635
1635
1636
1636
1636
1636
1636
1636
1636
1650
1650
1650
1651
1651
1651
1651
1651
1651
1651
1651
1651
1651
1652
1652
1652
1652
1652
1652
1652
1652
1652
1653
1653
1653
1653
1653
1653
1653
1653
1653
1653
1654
1654
1654
1654
1654
1654
1654
1655
1655
1655
1655
1655
1655
1655
1655
1656
1656
1656
1656
1656
1656
1656
1657
1657
1657
1657
1657
1657
1657
1657
1658
1658
1658
1658
1658
1659
1659
1659
1659
1659
1660
1660
1660
1661
1661
1661
1661
1661
1661
1661
1662
1662
1662
1662
1662
1662
1662
1662
1663
1663
1663
1663
1663
1663
1663
1663
1663
1664
1664
1664
1664
1664
1664
1664
1665
1665
1665
1665
1665
1666
1666
1666
1666
1666
1666
1666
1666
1667
1667
1667
1667
1667
1667
1667
1667
1667
1667
1667
1667
1668
1668
1668
1668
1668
1668
1668
1668
1668
1668
1668
1668
1668
1668
1668
1669
1669
1669
1669
1669
1669
1669
1669
1669
1669
1670
1670
1670
1670
1670
1670
1670
1670
1670
1670
1670
1671
1671
1671
1671
1671
1671
1671
1671
1671
1671
1672
1672
1672
1674
1674
1675
1675
1675
1675
1675
1675
1675
1675
1677
1678
1678
1678
1678
1678
1678
1678
1678
1679
1680
1680
1680
1681
1681
1681
1681
1681
1681
1681
1682
1682
1682
1682
1682
1682
1682
1683
1683
1683
1683
1683
1684
1684
1684
1684
1684
1684
1684
1685
1685
1685
1685
1685
1685
1685
1685
1686
1686
1704
1705
1705
1705
1705
1705
1705
1705
1705
1705
1706
1706
1706
1706
1706
1707
1707
1707
1707
1707
1707
1707
1707
1707
1707
1707
1707
1708
1708
1708
1708
1708
1709
1709
1709
1709
1709
1710
1710
1711
1711
1711
1711
1711
1711
1711
1711
1712
1712
1712
1712
1712
1712
1712
1712
1713
1713
1713
1717
1717
1717
1717
1717
1717
1717
1717
1717
1718
1718
1718
1718
1718
1718
1718
1719
1719
1719
1719
1719
1719
1719
1720
1720
1720
1720
1720
1720
1720
1720
1720
1721
1721
1721
1721
1721
1721
1722
1722
1722
1722
1722
1722
1722
1722
1723
1723
1723
1723
1723
1723
1723
1723
1723
1724
1724
1724
1724
1724
1724
1724
1724
1725
1725
1725
1725
1725
1725
1726
1726
1726
1727
1727
1727
1727
1727
1728
1728
1728
1729
1729
1729
1729
1729
1729
1729
1730
1730
1730
1730
1730
1730
1730
1731
1731
1732
1732
1732
1732
1732
1732
1732
1732
1733
1747
1747
1747
1747
1748
1748
1748
1748
1748
1748
1749
1750
1750
1750
1750
1750
1750
1750
1750
1750
1751
1751
1751
1751
1751
1751
1751
1751
1751
1751
1752
1752
1752
1752
1752
1752
1752
1752
1752
1752
1752
1752
1753
1753
1753
1753
1753
1753
1753
1753
1753
1753
1753
1753
1754
1754
1754
1754
1754
1754
1754
1754
1754
1754
1754
1754
1754
1755
1755
1755
1755
1755
1755
1755
1755
1755
1755
1755
1755
1755
1756
1756
1756
1756
1756
1756
1756
1756
1756
1756
1756
1756
1757
1757
1757
1757
1757
1757
1757
1757
1757
1757
1757
1758
1759
1760
1760
1760
1760
1760
1760
1760
1761
1762
1762
1762
1762
1762
1762
1763
1763
1763
1763
1764
1765
1765
1765
1765
1765
1765
1765
1766
1766
1766
1766
1766
1766
1766
1766
1766
1766
1767
1767
1767
1767
1767
1767
1767
1767
1767
1767
1767
1767
1767
1767
1767
1768
1768
1768
1768
1768
1768
1768
1768
1768
1768
1768
1768
1768
1768
1769
1769
1769
1769
1769
1769
1769
1770
1770
1770
1770
1770
1770
1770
1770
1770
1770
1770
1770
1770
1771
1771
1771
1771
1771
1771
1771
1771
1771
1772
1772
1772
1772
1772
1772
1772
1772
1772
1772
1772
1772
1772
1772
1773
1773
1773
1773
1773
1773
1773
1773
1773
1773
1773
1774
1774
1774
1774
1774
1774
1774
1774
1774
1774
1774
1775
1775
1775
1775
1775
1775
1775
1775
1775
1775
1776
1776
1776
1776
1776
1776
1776
1776
1777
1777
1777
1777
1778
1778
1778
1778
1778
1778
1778
1778
1779
1779
1779
1779
1779
1780
1780
1780
1781
1781
1781
1801
1802
1802
1803
1803
1803
1803
1803
1803
1803
1803
1803
1803
1803
1804
1804
1804
1804
1804
1804
1804
1804
1804
1804
1804
1805
1805
1805
1805
1805
1805
1805
1805
1805
1805
1805
1806
1806
1806
1806
1806
1806
1806
1806
1806
1806
1806
1806
1806
1807
1807
1807
1807
1807
1807
1807
1807
1807
1807
1808
1808
1808
1808
1808
1808
1808
1808
1808
1808
1808
1808
1808
1809
1809
1809
1809
1809
1809
1809
1809
1809
1809
1809
1809
1809
1809
1809
1809
1810
1810
1810
1810
1810
1810
1810
1810
1810
1810
1810
1810
1810
1810
1810
1810
1810
1810
1811
1811
1811
1811
1811
1812
1812
1812
1812
1812
1812
1812
1812
1812
1812
1812
1812
1812
1813
1813
1813
1813
1813
1813
1813
1813
1813
1813
1813
1813
1814
1814
1814
1814
1814
1814
1814
1814
1814
1814
1814
1814
1814
1814
1815
1815
1815
1815
1815
1815
1815
1815
1815
1816
1816
1816
1816
1816
1816
1816
1816
1816
1816
1816
1817
1835
1836
1836
1836
1836
1836
1836
1836
1836
1836
1837
1837
1837
1837
1837
1837
1837
1837
1837
1837
1838
1838
1838
1838
1838
1838
1838
1838
1838
1839
1839
1839
1839
1839
1839
1840
1841
1841
1841
1841
1841
1842
1842
1843
1843
1844
1845
1845
1845
1845
1845
1846
1846
1846
1846
1847
1847
1847
1847
1847
1847
1848
1848
1848
1848
1848
1848
1848
1848
1849
1849
1849
1849
1849
1850
1850
1850
1850
1850
1850
1850
1850
1851
1851
1851
1851
1851
1851
1851
1851
1851
1851
1851
1851
1852
1852
1852
1852
1852
1852
1852
1852
1852
1852
1852
1852
1853
1853
1853
1853
1853
1853
1853
1853
1853
1853
1853
1853
1853
1853
1854
1854
1854
1854
1854
1854
1854
1855
1855
1856
1856
1857
1858
1859
1861
1861
1862
1862
1863
1864
1865
1866
1867
1867
1868
1868
1868
1869
1869
1869
1870
1871
1872
1872
1873
1873
1874
1875
1877
1878
1879
1879
1879
1879
1879
1879
1879
1880
1880
1880
1880
1881
1881
1882
1882
1882
1882
1882
1882
1882
1882
1882
1882
1883
1883
1883
1883
1883
1883
1883
1883
1883
1883
1884
1884
1884
1884
1884
1884
1884
1884
1884
1884
1885
1885
1885
1885
1885
1885
1885
1885
1885
1886
1886
1886
1886
1886
1886
1886
1886
1886
1886
1887
1887
1887
1887
1887
1887
1887
1887
1887
1887
1887
1887
1887
1887
1887
1888
1888
1888
1888
1888
1888
1888
1888
1888
1888
1888
1888
1888
1888
1888
1888
1888
1888
1889
1889
1889
1889
1889
1889
1889
1889
1889
1889
1889
1889
1889
1889
1889
1889
1889
1890
1890
1890
1890
1890
1890
1890
1890
1890
1890
1890
1890
1890
1890
1890
1890
1890
1890
1891
1891
1891
1891
1891
1891
1891
1891
1892
1892
1892
1892
1892
1892
1906
1907
1907
1907
1907
1907
1907
1908
1908
1908
1909
1909
1909
1909
1909
1910
1910
1910
1910
1910
1911
1911
1911
1911
1911
1911
1911
1911
1911
1911
1912
1912
1912
1912
1912
1912
1912
1912
1912
1912
1912
1912
1913
1913
1913
1913
1913
1913
1914
1915
1915
1915
1915
1915
1915
1916
1916
1916
1916
1916
1917
1917
1917
1917
1917
1917
1917
1918
1918
1918
1918
1918
1918
1918
1918
1918
1918
1918
1918
1919
1919
1920
1920
1920
1920
1920
1920
1921
1921
1921
1921
1921
1922
1922
1922
1922
1922
1923
1923
1923
1923
1923
1923
1923
1923
1923
1923
1923
1923
1923
1923
1923
1924
1924
1924
1924
1924
1925
1925
1925
1925
1925
1925
1925
1926
1926
1926
1927
1928
1928
1928
1928
1928
1928
1928
1928
1928
1929
1930
1930
1930
1930
1930
1930
1930
1930
1930
1930
1931
1931
1931
1931
1932
1932
1932
1932
1932
1932
1932
1932
1932
1932
1932
1932
1933
1933
1933
1933
1933
1933
1933
1940
1940
1941
1941
1941
1941
1941
1941
1942
1942
1942
1942
1942
1943
1943
1943
1943
1943
1943
1943
1944
1944
1944
1944
1944
1944
1944
1945
1945
1945
1946
1946
1946
1947
1947
1947
1947
1948
1948
1948
1948
1948
1949
1949
1949
1949
1949
1949
1950
1950
1950
1950
1950
1950
1950
1950
1950
1950
1950
1951
1951
1951
1951
1951
1951
1951
1951
1951
1951
1951
1952
1952
1952
1952
1952
1952
1952
1952
1952
1952
1952
1952
1952
1952
1952
1952
1953
1953
1953
1953
1953
1953
1953
1953
1953
1953
1953
1953
1954
1954
1954
1954
1954
1954
1954
1954
1954
1954
1954
1954
1954
1954
1955
1955
1955
1955
1955
1955
1955
1955
1955
1955
1955
1955
1955
1955
1955
1956
1956
1956
1956
1956
1956
1956
1956
1956
1956
1956
1956
1956
1956
1956
1956
1956
1956
1957
1957
1957
1957
1957
1957
1957
1957
1957
1957
1957
1958
1958
1958
1958
1958
1958
1958
1958
1958
1958
1958
1958
1958
1959
1959
1959
1959
1959
1959
1959
1959
1959
1959
1959
1959
1959
1959
1960
1960
1960
1960
1960
1960
1960
1960
1960
1960
1960
1960
1961
1961
1961
1961
1961
1961
1961
1961
1961
1961
1961
1961
1961
1961
1962
1962
1962
1962
1962
1962
1962
1962
1962
1962
1962
1962
1962
1962
1962
1963
1963
1963
1963
1963
1963
1963
1963
1963
1963
1963
1963
1963
1963
1963
1964
1964
1964
1964
1964
1964
1964
1964
1964
1964
1964
1964
1964
1964
1964
1964
1965
1965
1965
1965
1965
1965
1965
1965
1965
1965
1965
1965
1965
1965
1965
1965
1966
1966
1966
1966
1966
1966
1966
1966
1966
1966
1966
1966
1966
1966
1966
1966
1966
1966
1966
1966
1967
1967
1967
1967
1967
1967
1967
1967
1967
1967
1967
1967
1967
1967
1967
1967
1967
1967
1967
1967
1968
1968
1968
1968
1968
1968
1968
1968
1968
1968
1968
1968
1968
1968
1968
1968
1968
1968
1968
1968
1968
1969
1975
1976
1976
1976
1976
1976
1976
1976
1977
1977
1977
1977
1977
1977
1977
1977
1977
1977
1977
1977
1977
1977
1977
1977
1978
1978
1978
1978
1978
1978
1978
1978
1978
1978
1978
1978
1978
1978
1978
1978
1978
1978
1978
1978
1979
1979
1979
1979
1979
1979
1979
1979
1979
1979
1979
1979
1979
1980
1980
1980
1980
1980
1980
1980
1980
1980
1980
1980
1980
1980
1980
1980
1981
1981
1981
1981
1981
1981
1981
1981
1981
1981
1982
1982
1982
1982
1982
1982
1982
1982
1982
1982
1982
1983
1983
1983
1983
1983
1983
1983
1983
1983
1984
1984
1984
1984
1984
1984
1984
1984
1984
1984
1984
1984
1984
1984
1984
1985
1985
1985
1985
1985
1985
1985
1985
1985
1985
1985
1985
1985
1985
1985
1985
1986
1986
1986
1986
1986
1986
1986
1986
1986
1986
1986
1986
1986
1986
1986
1986
1987
1987
1987
1987
1987
1987
1987
1987
1987
1987
1987
1987
1987
1987
1987
1988
1988
1988
1988
1988
1988
1988
1996
1996
1996
1996
1996
1996
1996
1996
1996
1997
1997
1997
1997
1997
1997
1997
1997
1997
1997
1997
1997
1997
1997
1997
1998
1998
1998
1998
1998
1998
1998
1998
1998
1999
1999
1999
1999
1999
1999
1999
1999
1999
1999
1999
1999
2000
2000
2000
2000
2000
2000
2000
2000
2000
2000
2000
2000
2000
2001
2001
2001
2001
2001
2001
2001
2001
2001
2001
2001
2001
2001
2001
2001
2001
2001
2002
2002
2002
2002
2002
2002
2002
2002
2002
2002
2002
2002
2002
2002
2003
2003
2003
2003
2003
2003
2003
2003
2003
2003
2003
2003
2003
2003
2004
2004
2004
2004
2004
2004
2004
2004
2004
2004
2004
2004
2004
2004
2004
2004
2005
2005
2005
2005
2005
2005
2005
2005
2005
2005
2005
2005
2005
2005
2006
2006
2006
2006
2006
2006
2006
2006
2006
2006
2006
2006
2006
2006
2007
2007
2007
2007
2007
2007
2007
2007
2007
2007
2007
2007
2007
2008
2008
2008
2008
2008
2008
2008
2008
2008
2008
2009
2009
2009
2009
2009
2009
2009
2009
2010
2010
2010
2010
2010
2010
2010
2010
2010
2010
2010
2010
2011
2011
2011
2011
2011
2011
2011
2011
2011
2011
2011
2011
2011
2011
2011
2011
2012
2018
2018
2018
2018
2018
2018
2018
2018
2018
2019
2019
2019
2019
2019
2019
2019
2019
2019
2019
2020
2020
2020
2020
2020
2020
2020
2020
2020
2020
2020
2020
2020
2020
2020
2020
2020
2021
2021
2021
2021
2021
2021
2021
2021
2021
2021
2021
2021
2021
2021
2021
2021
2022
2022
2022
2022
2022
2022
2022
2022
2022
2022
2022
2022
2022
2022
2022
2022
2023
2023
2023
2023
2023
2023
2023
2023
2023
2023
2023
2023
2023
2023
2023
2023
2024
2024
2024
2024
2024
2024
2024
2024
2024
2024
2024
2024
2024
2024
2025
2025
2025
2025
2025
2025
2025
2025
2025
2025
2025
2026
2026
2026
2026
2026
2026
2026
2026
2026
2027
2027
2027
2027
2027
2027
2027
2027
2027
2027
2027
2027
2027
2028
2028
2028
2028
2028
2028
2028
2028
2028
2028
2028
2029
2029
2029
2029
2029
2029
2029
2029
2029
2029
2029
2030
2030
2030
2030
2030
2030
2030
2030
2030
2030
2030
2030
2030
2031
2031
2031
2031
2031
2031
2037
2037
2037
2037
2037
2037
2037
2037
2037
2037
2037
2038
2038
2038
2038
2038
2038
2038
2038
2038
2038
2039
2039
2039
2039
2039
2039
2039
2039
2039
2039
2039
2039
2039
2039
2039
2039
2039
2039
2040
2040
2040
2040
2040
2040
2040
2040
2040
2040
2040
2040
2040
2040
2040
2041
2041
2041
2041
2041
2041
2041
2041
2041
2041
2041
2041
2041
2041
2041
2041
2042
2042
2042
2042
2042
2042
2042
2042
2042
2042
2042
2042
2043
2043
2043
2043
2043
2043
2043
2043
2043
2043
2043
2043
2043
2043
2044
2044
2044
2044
2044
2044
2044
2044
2044
2044
2044
2044
2045
2045
2045
2045
2045
2045
2045
2045
2045
2045
2045
2046
2046
2046
2046
2046
2046
2046
2046
2046
2046
2046
2046
2046
2047
2047
2047
2047
2047
2047
2047
2047
2047
2047
2047
2047
2047
2047
2047
2047
2048
2048
2048
2048
2048
2048
2048
2048
2048
2048
2048
2048
2048
2048
2048
2048
2049
2049
2049
2049
2049
2049
2049
2049
2049
2049
2049
2049
2049
2049
2049
2049
2049
2049
2050
2050
2050
2050
2050
2050
2050
2050
2050
2050
2050
2050
2050
2050
2050
2051
2051
2051
2051
2051
2051
2051
2051
2051
2051
2051
2051
2051
2051
2051
2052
2052
2052
2052
2052
2052
2052
2052
2052
2052
2052
2052
2052
2052
2052
2052
2052
2053
2053
2057
2057
2057
2057
2057
2058
2058
2058
2058
2058
2058
2059
2059
2059
2059
2059
2060
2060
2060
2060
2060
2060
2060
2060
2060
2061
2061
2061
2061
2061
2061
2061
2061
2061
2062
2062
2062
2062
2062
2062
2062
2062
2062
2062
2062
2062
2063
2063
2063
2063
2063
2063
2063
2063
2063
2063
2063
2063
2064
2064
2064
2064
2064
2064
2064
2064
2064
2064
2064
2064
2064
2064
2064
2064
2065
2065
2065
2065
2065
2065
2065
2065
2065
2065
2065
2066
2066
2066
2066
2067
2067
2067
2067
2067
2067
2068
2068
2068
2068
2068
2068
2068
2068
2068
2068
2068
2068
2068
2068
2069
2069
2069
2069
2069
2069
2069
2070
2070
2070
2070
2070
2071
2071
2071
2071
2071
2071
2071
2071
2071
2071
2072
2072
2072
2072
2072
2072
2072
2072
2072
2072
2072
2072
2072
2072
2072
2072
2072
2072
2073
2073
2073
2073
2073
2073
2073
2073
2073
2073
2073
2073
2073
2073
2073
2073
2074
2074
2074
2074
2074
2074
2081
2081
2082
2082
2082
2082
2082
2082
2082
2082
2082
2082
2082
2083
2083
2083
2083
2083
2083
2083
2083
2083
2084
2084
2084
2084
2084
2084
2084
2084
2084
2085
2085
2085
2085
2085
2085
2085
2085
2085
2085
2086
2086
2086
2086
2086
2086
2086
2086
2086
2086
2086
2086
2086
2087
2087
2087
2087
2087
2087
2087
2087
2087
2087
2087
2087
2087
2087
2087
2087
2088
2088
2088
2088
2088
2088
2088
2089
2089
2089
2089
2089
2089
2089
2089
2089
2089
2089
2089
2089
2090
2090
2090
2090
2090
2090
2090
2090
2090
2090
2090
2090
2090
2090
2091
2091
2091
2091
2091
2091
2091
2092
2092
2092
2092
2092
2092
2092
2092
2092
2092
2093
2093
2093
2093
2093
2093
2093
2093
2093
2093
2093
2093
2093
2094
2094
2094
2094
2094
2094
2094
2094
2094
2094
2094
2094
2095
2095
2095
2095
2095
2095
2095
2095
2095
2095
2095
2095
2096
2096
2096
2096
2096
2096
2096
2096
2096
2096
2097
2097
2097
2097
2097
2097
2097
2097
2097
2097
2097
2097
2097
2097
2097
2097
2098
2098
2098
2098
2098
2098
2098
2098
2098
2098
2098
2098
2098
2098
2099
2099
2099
2099
2099
2099
2099
2099
2099
2099
2099
2099
2099
2099
2099
2100
2100
2100
2100
2100
2100
2100
2100
2100
2100
2100
2100
2101
2101
2101
2101
2101
2101
2101
2101
2101
2101
2101
2101
2101
2102
2102
2102
2102
2102
2102
2102
2102
2102
2102
2102
2102
2102
2102
2103
2103
2103
2111
2111
2111
2111
2111
2111
2111
2111
2111
2111
2112
2112
2112
2112
2112
2112
2112
2112
2113
2113
2113
2113
2113
2113
2113
2113
2113
2113
2113
2113
2113
2113
2113
2113
2113
2113
2114
2114
2114
2114
2114
2114
2114
2114
2114
2114
2114
2114
2114
2114
2114
2115
2115
2115
2115
2115
2115
2115
2115
2115
2115
2115
2115
2115
2115
2115
2115
2115
2115
2115
2115
2116
2116
2116
2116
2116
2116
2116
2116
2116
2116
2116
2116
2116
2116
2116
2116
2116
2116
2116
2116
2116
2117
2117
2117
2117
2117
2117
2117
2117
2117
2117
2117
2117
2117
2117
2117
2117
2117
2117
2117
2118
2118
2118
2118
2118
2118
2118
2118
2118
2118
2118
2118
2118
2118
2118
2118
2118
2118
2118
2119
2119
2119
2119
2119
2119
2119
2119
2119
2119
2119
2119
2119
2119
2119
2119
2119
2119
2119
2120
2120
2120
2120
2120
2120
2120
2120
2120
2120
2120
2120
2120
2121
2121
2121
2121
2121
2121
2121
2121
2121
2121
2127
2127
2128
2128
2128
2128
2128
2128
2128
2128
2128
2128
2128
2128
2128
2129
2129
2129
2129
2129
2129
2129
2129
2129
2129
2129
2129
2129
2129
2129
2130
2130
2130
2130
2130
2130
2130
2130
2130
2130
2130
2130
2130
2131
2131
2131
2131
2131
2131
2131
2131
2131
2131
2131
2131
2131
2131
2131
2131
2131
2131
2132
2132
2132
2132
2132
2132
2132
2132
2132
2132
2132
2132
2132
2132
2133
2133
2133
2133
2133
2133
2133
2133
2133
2133
2133
2133
2134
2134
2134
2134
2134
2134
2134
2134
2134
2137
2137
2137
2137
2137
2137
2137
2137
2137
2137
2138
2138
2138
2138
2138
2138
2138
2138
2138
2138
2138
2139
2139
2139
2139
2139
2139
2139
2139
2139
2139
2139
2139
2139
2139
2139
2140
2140
2140
2140
2140
2140
2140
2140
2140
2140
2140
2140
2140
2140
2140
2141
2141
2141
2141
2141
2141
2141
2141
2141
2141
2141
2142
2142
2142
2142
2142
2142
2142
2142
2142
2143
2143
2143
2143
2143
2143
2143
2143
2144
2144
2144
2144
2144
2144
2144
2144
2144
2144
2144
2144
2144
2144
2145
2145
2145
2145
2145
2145
2145
2145
2145
2145
2145
2145
2145
2145
2145
2145
2145
2146
2146
2146
2146
2146
2149
2149
2149
2149
2149
2149
2150
2150
2150
2150
2150
2150
2150
2150
2150
2150
2150
2150
2150
2150
2151
2151
2151
2151
2151
2151
2151
2151
2151
2151
2152
2152
2152
2152
2152
2152
2152
2152
2152
2152
2152
2152
2152
2152
2153
2153
2153
2153
2153
2153
2153
2153
2153
2153
2153
2154
2154
2154
2154
2154
2154
2154
2154
2155
2155
2155
2155
2155
2155
2155
2162
2162
2162
2162
2162
2162
2162
2162
2162
2162
2163
2163
2163
2163
2163
2163
2163
2164
2164
2164
2164
2164
2164
2164
2164
2164
2165
2165
2165
2165
2165
2165
2165
2165
2165
2165
2165
2165
2165
2165
2166
2166
2166
2166
2166
2166
2166
2166
2166
2166
2166
2167
2167
2167
2167
2167
2167
2167
2167
2167
2167
2168
2168
2168
2168
2168
2168
2168
2168
2168
2168
2168
2169
2169
2169
2169
2169
2169
2170
2170
2170
2170
2170
2170
2170
2171
2171
2171
2171
2171
2171
2171
2171
2171
2171
2172
2172
2172
2172
2172
2172
2172
2172
2173
2173
2173
2173
2173
2173
2173
2173
2173
2174
2174
2174
2174
2174
2174
2174
2174
2174
2174
2174
2175
2175
2175
2175
2175
2175
2175
2175
2175
2175
2177
2177
2178
2178
2178
2178
2178
2178
2179
2179
2179
2179
2179
2180
2180
2180
2180
2180
2180
2180
2181
2181
2181
2181
2181
2181
2181
2181
2181
2181
2181
2181
2181
2182
2182
2182
2182
2182
2186
2190
2190
2190
2190
2191
2191
2191
2191
2191
2191
2191
2192
2192
2192
2192
2192
2193
2193
2193
2193
2193
2193
2193
2193
2193
2194
2194
2194
2194
2194
2194
2194
2194
2194
2194
2194
2194
2194
2194
2195
2195
2195
2195
2195
2195
2195
2195
2195
2195
2195
2196
2196
2196
2196
2196
2196
2196
2196
2196
2196
2196
2196
2197
2197
2197
2197
2197
2197
2197
2197
2197
2197
2197
2197
2198
2198
2198
2198
2198
2198
2198
2198
2198
2198
2198
2198
2198
2198
2198
2199
2199
2199
2199
2199
2199
2199
2199
2199
2199
2199
2199
2199
2200
2200
2200
2200
2200
2200
2200
2200
2200
2200
2200
2200
2200
2200
2200
2201
2201
2201
2201
2201
2201
2201
2201
2201
2201
2201
2201
2201
2202
2202
2202
2202
2202
2202
2203
2204
2204
2204
2204
2204
2204
2204
2204
2204
2205
2205
2205
2205
2205
2205
2205
2205
2205
2205
2205
2205
2205
2206
2206
2206
2206
2206
2206
2206
2206
2206
2206
2206
2206
2206
2207
2207
2207
2207
2207
2207
2207
2207
2207
2207
2207
2207
2207
2208
2208
2208
2209
2209
2209
2209
2209
2209
2209
2209
2209
2214
2215
2215
2215
2215
2216
2216
2217
2217
2218
2219
2219
2220
2220
2220
2221
2221
2222
2222
2223
2223
2223
2223
2223
2223
2223
2223
2223
2223
2223
2224
2224
2224
2224
2224
2224
2224
2224
2224
2224
2224
2224
2224
2224
2225
2225
2225
2225
2225
2226
2226
2226
2226
2226
2226
2226
2226
2227
2227
2227
2227
2227
2227
2227
2227
2228
2228
2228
2228
2228
2228
2228
2228
2228
2228
2228
2229
2229
2229
2229
2229
2229
2229
2229
2229
2229
2230
2230
2230
2230
2230
2230
2230
2230
2230
2230
2230
2230
2231
2231
2231
2231
2231
2231
2231
2231
2231
2231
2231
2231
2232
2232
2238
2238
2238
2238
2238
2238
2238
2238
2238
2238
2239
2239
2239
2239
2239
2239
2239
2239
2239
2239
2240
2240
2240
2240
2240
2240
2240
2240
2240
2240
2240
2241
2241
2241
2241
2241
2241
2241
2241
2241
2241
2242
2242
2242
2242
2242
2242
2242
2242
2242
2242
2242
2242
2242
2243
2243
2243
2243
2243
2243
2243
2243
2243
2243
2243
2243
2243
2244
2244
2244
2244
2244
2244
2244
2244
2244
2244
2244
2245
2245
2245
2245
2245
2245
2245
2246
2246
2246
2246
2246
2246
2246
2246
2246
2246
2246
2246
2246
2246
2247
2247
2247
2247
2247
2247
2247
2247
2247
2247
2247
2247
2247
2247
2247
2248
2248
2248
2248
2248
2248
2248
2248
2248
2248
2248
2249
2249
2249
2249
2249
2249
2249
2249
2249
2249
2249
2249
2249
2250
2250
2250
2250
2250
2250
2250
2250
2250
2250
2250
2250
2250
2250
2250
2250
2251
2251
2251
2251
2251
2251
2251
2251
2251
2251
2251
2251
2251
2251
2251
2251
2252
2257
2257
2257
2258
2258
2258
2258
2258
2258
2258
2258
2258
2259
2259
2259
2259
2259
2259
2259
2259
2259
2259
2259
2259
2259
2259
2259
2260
2260
2260
2260
2260
2260
2260
2260
2260
2260
2260
2260
2260
2260
2260
2260
2261
2261
2261
2261
2261
2261
2261
2261
2261
2261
2261
2261
2261
2261
2261
2261
2262
2262
2262
2262
2262
2262
2262
2262
2262
2262
2262
2263
2263
2263
2263
2263
2263
2263
2263
2263
2263
2263
2263
2263
2264
2264
2264
2264
2264
2264
2264
2264
2264
2264
2264
2264
2264
2264
2264
2264
2264
2265
2265
2265
2265
2265
2265
2265
2265
2265
2265
2265
2265
2265
2266
2266
2266
2266
2266
2266
2266
2266
2266
2266
2266
2267
2267
2267
2267
2267
2267
2267
2267
2268
2268
2268
2268
2268
2268
2268
2268
2269
2269
2269
2269
2269
2269
2269
2269
2269
2269
2269
2269
2269
2269
2269
2270
2270
2270
2270
2270
2270
2270
2270
2270
2270
2270
2270
2270
2270
2271
2271
2271
2271
2271
2271
2271
2271
2271
2271
2271
2271
2271
2272
2272
2272
2272
2272
2272
2272
2272
2272
2272
2272
2272
2272
2272
2272
2272
2278
2278
2279
2279
2282
2282
2282
2282
2282
2282
2282
2282
2282
2282
2283
2283
2283
2283
2283
2283
2283
2283
2283
2283
2283
2283
2283
2283
2283
2283
2283
2283
2283
2283
2283
2284
2284
2284
2284
2284
2284
2284
2284
2284
2284
2284
2284
2284
2284
2284
2284
2284
2284
2284
2284
2284
2284
2285
2285
2285
2285
2285
2285
2285
2285
2285
2285
2285
2285
2285
2285
2285
2285
2285
2285
2286
2286
2286
2286
2286
2286
2286
2286
2286
2286
2286
2286
2286
2286
2286
2286
2286
2286
2286
2287
2287
2287
2287
2287
2287
2287
2287
2287
2287
2287
2287
2287
2287
2287
2287
2288
2288
2288
2288
2288
2288
2288
2288
2288
2288
2288
2288
2288
2288
2288
2288
2289
2289
2289
2289
2290
2290
2290
2290
2290
2290
2290
2290
2290
2290
2290
2291
2291
2291
2291
2291
2291
2291
2291
2291
2291
2291
2291
2292
2292
2292
2292
2292
2292
2292
2292
2292
2292
2292
2293
2293
2293
2293
2293
2293
2293
2295
2298
2299
2299
2299
2299
2299
2299
2299
2299
2299
2299
2299
2300
2300
2300
2300
2300
2300
2300
2300
2300
2300
2300
2300
2300
2300
2300
2300
2301
2301
2301
2301
2301
2301
2301
2301
2301
2301
2301
2301
2302
2302
2302
2302
2302
2302
2302
2302
2302
2302
2302
2303
2303
2303
2303
2303
2303
2303
2303
2303
2303
2303
2303
2303
2304
2304
2304
2304
2304
2304
2304
2304
2304
2304
2304
2304
2304
2304
2304
2304
2305
2305
2305
2305
2305
2305
2305
2305
2305
2305
2305
2305
2305
2306
2306
2306
2306
2306
2306
2306
2306
2306
2306
2306
2306
2306
2307
2307
2307
2307
2307
2307
2307
2307
2307
2307
2307
2307
2307
2307
2307
2307
2308
2308
2308
2308
2308
2308
2308
2308
2308
2308
2308
2308
2308
2309
2309
2309
2309
2309
2309
2309
2309
2309
2309
2310
2310
2310
2310
2310
2310
2310
2310
2310
2310
2310
2310
2310
2311
2311
2311
2311
2311
2311
2311
2311
2311
2311
2311
2311
2311
2311
2311
2311
2312
2312
2312
2312
2312
2312
2312
2312
2312
2312
2312
2312
2312
2312
2313
2313
2313
2313
2313
2313
2313
2313
2313
2313
2314
2314
2314
2314
2314
2314
2314
2314
2314
2314
2314
2314
2315
2315
2315
2315
2315
2315
2315
2315
2315
2315
2315
2315
2315
2315
2315
2315
2315
2316
2316
2316
2316
2321
2322
2322
2322
2322
2322
2322
2322
2322
2322
2322
2323
2323
2323
2323
2323
2323
2323
2323
2323
2323
2323
2323
2323
2323
2323
2324
2324
2324
2324
2324
2324
2324
2324
2324
2324
2324
2324
2324
2324
2324
2324
2324
2324
2324
2324
2325
2325
2325
2325
2325
2325
2325
2325
2325
2325
2325
2325
2325
2325
2326
2326
2326
2326
2326
2326
2326
2326
2326
2326
2326
2326
2327
2327
2327
2327
2327
2327
2327
2327
2327
2327
2327
2327
2327
2327
2327
2328
2328
2328
2328
2328
2328
2328
2328
2328
2328
2328
2328
2328
2328
2328
2328
2329
2329
2329
2329
2329
2329
2329
2329
2329
2329
2329
2329
2329
2329
2329
2329
2329
2329
2329
2330
2330
2330
2330
2330
2330
2330
2330
2330
2330
2330
2330
2330
2330
2330
2330
2331
2331
2331
2331
2331
2331
2331
2331
2331
2331
2331
2331
2331
2331
2331
2331
2332
2332
2332
2332
2332
2332
2332
2332
2332
2332
2334
2334
2335
2335
2335
2335
2335
2338
2338
2338
2338
2338
2339
2339
2339
2339
2339
2339
2339
2339
2339
2339
2339
2339
2339
2339
2339
2340
2340
2340
2340
2340
2340
2340
2340
2340
2340
2340
2340
2340
2340
2341
2341
2341
2341
2341
2341
2341
2341
2341
2341
2341
2341
2341
2341
2342
2342
2342
2342
2342
2342
2342
2342
2342
2342
2342
2342
2343
2343
2343
2343
2343
2343
2343
2343
2343
2343
2343
2343
2344
2344
2344
2344
2344
2344
2344
2344
2344
2344
2344
2344
2344
2345
2345
2345
2345
2345
2345
2345
2345
2345
2345
2345
2345
2345
2346
2346
2346
2346
2346
2346
2346
2346
2346
2346
2346
2346
2346
2346
2347
2347
2347
2347
2347
2347
2347
2347
2347
2347
2347
2347
2347
2347
2347
2348
2348
2348
2348
2348
2348
2348
2348
2348
2348
2348
2348
2348
2348
2348
2349
2349
2349
2349
2349
2349
2349
2349
2349
2349
2349
2349
2349
2349
2349
2350
2350
2350
2350
2350
2350
2350
2350
2350
2350
2350
2350
2350
2350
2350
2350
2350
2351
2351
2351
2351
2351
2351
2351
2351
2351
2351
2351
2351
2351
2351
2351
2352
2352
2352
2352
2352
2352
2352
2352
2352
2352
2352
2352
2352
2352
2352
2352
2353
2353
2353
2353
2353
2353
2353
2353
2353
2353
2353
2353
2353
2353
2353
2354
2354
2354
2354
2354
2354
2354
2354
2354
2354
2354
2354
2354
2354
2354
2354
2355
2355
2355
2355
2355
2355
2355
2355
2355
2355
2355
2355
2355
2355
2355
2356
2356
2356
2356
2356
2363
2364
2364
2364
2364
2364
2364
2364
2364
2364
2365
2365
2365
2365
2365
2365
2365
2365
2365
2365
2365
2365
2365
2366
2366
2366
2366
2366
2366
2366
2366
2366
2367
2367
2367
2367
2367
2367
2367
2367
2367
2367
2368
2368
2368
2368
2368
2368
2368
2368
2368
2368
2368
2368
2369
2369
2369
2369
2369
2369
2369
2369
2369
2369
2370
2370
2370
2370
2370
2370
2370
2370
2370
2370
2370
2370
2370
2371
2371
2371
2371
2371
2371
2371
2371
2371
2371
2371
2371
2371
2372
2372
2372
2372
2372
2372
2372
2372
2372
2372
2373
2373
2373
2373
2373
2373
2373
2373
2373
2373
2373
2373
2373
2373
2374
2374
2374
2374
2374
2374
2374
2374
2374
2379
2379
2379
2379
2379
2379
2380
2380
2380
2380
2380
2380
2380
2381
2381
2381
2381
2381
2381
2382
2382
2382
2382
2382
2382
2382
2382
2382
2382
2383
2383
2383
2383
2383
2383
2383
2383
2383
2383
2383
2383
2384
2384
2384
2384
2384
2384
2384
2384
2390
2390
2390
2390
2390
2390
2390
2390
2390
2390
2390
2390
2391
2391
2391
2391
2391
2391
2391
2392
2392
2392
2392
2392
2392
2393
2393
2393
2393
2393
2393
2393
2393
2394
2394
2394
2394
2394
2394
2394
2394
2394
2394
2395
2395
2395
2395
2395
2395
2395
2395
2395
2396
2396
2396
2396
2396
2396
2396
2396
2396
2397
2397
2397
2397
2397
2397
2397
2397
2397
2398
2398
2398
2398
2398
2398
2398
2398
2398
2398
2398
2398
2399
2399
2399
2399
2399
2399
2399
2399
2399
2399
2399
2399
2399
2399
2399
2399
2399
2400
2400
2400
2400
2400
2400
2400
2400
2400
2400
2400
2400
2400
2400
2400
2401
2401
2401
2401
2401
2401
2401
2401
2401
2401
2401
2401
2401
2401
2401
2402
2402
2402
2402
2402
2402
2402
2402
2402
2402
2402
2402
2403
2403
2403
2403
2403
2403
2403
2403
2403
2403
2403
2403
2404
2404
2404
2404
2404
2404
2404
2404
2404
2404
2404
2404
2404
2404
2405
2405
2405
2405
2405
2405
2405
2405
2405
2405
2405
2405
2405
2405
2405
2405
2405
2406
2406
2406
2406
2406
2406
2406
2406
2407
2407
2407
2407
2407
2407
2407
2407
2407
2407
2407
2408
2408
2408
2408
2408
2408
2408
2408
2408
2409
2409
2409
2409
2409
2409
2409
2409
2410
2410
2410
2410
2410
2410
2410
2410
2410
2410
2411
2411
2411
2411
2411
2411
2411
2411
2411
2411
2411
2411
2411
2411
2412
2412
2412
2412
2412
2412
2412
2412
2412
2412
2412
2412
2412
2412
2412
2412
2413
2413
2413
2413
2413
2413
2413
2413
2413
2413
2414
2414
2414
2414
2414
2415
2415
2415
2415
2416
2416
2416
2420
2421
2421
2421
2421
2421
2421
2421
2421
2421
2421
2421
2422
2422
2422
2422
2422
2422
2422
2422
2422
2422
2422
2422
2423
2423
2423
2423
2423
2423
2423
2423
2423
2423
2423
2424
2424
2424
2424
2424
2424
2424
2424
2424
2424
2425
2425
2425
2425
2425
2425
2425
2425
2425
2426
2426
2426
2426
2426
2426
2426
2427
2427
2427
2427
2427
2427
2427
2427
2427
2428
2428
2428
2428
2428
2428
2428
2428
2428
2429
2429
2429
2429
2429
2429
2429
2429
2429
2429
2429
2430
2430
2430
2430
2430
2430
2430
2430
2430
2430
2430
2430
2430
2430
2431
2431
2431
2431
2431
2431
2431
2431
2431
2431
2431
2431
2431
2431
2432
2432
2432
2432
2432
2432
2432
2432
2432
2432
2432
2433
2433
2433
2433
2433
2433
2433
2433
2433
2433
2433
2433
2433
2433
2433
2434
2434
2434
2434
2434
2434
2434
2434
2434
2434
2434
2434
2434
2435
2435
2435
2435
2435
2435
2435
2435
2435
2435
2435
2435
2435
2436
2440
2441
2441
2441
2441
2441
2441
2442
2442
2442
2443
2443
2443
2443
2444
2444
2444
2444
2444
2444
2444
2444
2444
2445
2445
2445
2445
2445
2445
2445
2445
2445
2445
2445
2445
2445
2445
2446
2446
2446
2446
2446
2446
2446
2446
2446
2446
2446
2446
2446
2447
2447
2447
2447
2447
2447
2447
2447
2447
2447
2447
2449
2449
2449
2449
2450
2450
2450
2450
2450
2450
2450
2451
2451
2451
2451
2452
2452
2452
2452
2452
2452
2452
2452
2453
2453
2453
2453
2453
2453
2453
2453
2453
2454
2454
2454
2454
2454
2454
2454
2454
2454
2455
2455
2455
2455
2455
2455
2455
2455
2455
2455
2455
2455
2456
2456
2456
2456
2456
2456
2456
2456
2456
2456
2456
2457
2457
2457
2457
2457
2457
2457
2457
2457
2457
2457
2458
2458
2458
2458
2458
2458
2458
2458
2458
2458
2458
2458
2458
2458
2459
2459
2459
2459
2459
2459
2459
2459
2460
2460
2460
2460
2460
2460
2460
2460
2460
2460
2460
2461
2461
2461
2461
2461
2461
2461
2461
2462
2462
2462
2462
2462
2462
2462
2462
2462
2462
2463
2463
2463
2463
2463
2463
2464
2464
2464
2464
2464
2464
2464
2464
2468
2469
2469
2469
2469
2469
2469
2469
2469
2469
2469
2469
2469
2469
2470
2470
2470
2470
2470
2470
2470
2470
2470
2470
2470
2470
2471
2471
2471
2471
2471
2471
2471
2471
2471
2471
2471
2472
2472
2472
2472
2472
2472
2472
2472
2472
2473
2473
2473
2473
2473
2473
2475
2475
2475
2476
2476
2478
2478
2478
2478
2478
2478
2478
2478
2478
2478
2479
2479
2479
2479
2479
2479
2479
2479
2479
2480
2480
2480
2480
2480
2481
2481
2481
2481
2481
2481
2481
2481
2481
2481
2482
2482
2482
2482
2482
2482
2482
2482
2482
2482
2483
2483
2483
2483
2483
2487
2487
2487
2487
2487
2487
2487
2487
2487
2487
2488
2488
2488
2488
2488
2488
2488
2488
2488
2488
2488
2488
2488
2488
2488
2488
2488
2488
2489
2489
2489
2489
2489
2489
2489
2489
2489
2489
2489
2489
2489
2489
2489
2489
2489
2489
2489
2489
2489
2489
2490
2490
2490
2490
2490
2490
2490
2490
2490
2490
2490
2490
2490
2490
2490
2490
2490
2490
2490
2491
2491
2491
2491
2491
2491
2491
2491
2491
2492
2492
2492
2492
2492
2492
2492
2492
2492
2492
2492
2492
2492
2493
2493
2493
2493
2493
2493
2493
2493
2493
2493
2493
2493
2493
2493
2494
2494
2494
2494
2494
2494
2494
2494
2494
2494
2494
2494
2494
2494
2494
2494
2494
2494
2494
2495
2495
2495
2499
2499
2499
2499
2499
2499
2499
2500
2500
2500
2500
2500
2500
2500
2500
2500
2500
2500
2500
2501
2501
2501
2501
2501
2501
2501
2501
2501
2501
2502
2502
2502
2502
2502
2502
2502
2502
2502
2502
2502
2502
2502
2503
2503
2503
2503
2503
2503
2503
2503
2503
2503
2503
2503
2503
2503
2503
2503
2503
2503
2503
2504
2504
2504
2504
2504
2504
2504
2504
2504
2504
2504
2504
2504
2504
2504
2504
2504
2504
2504
2505
2505
2505
2505
2505
2505
2505
2505
2505
2505
2505
2505
2505
2505
2505
2505
2505
2505
2505
2505
2506
2506
2506
2510
2511
2511
2511
2511
2511
2511
2511
2511
2511
2512
2512
2512
2512
2512
2512
2512
2512
2512
2512
2512
2512
2512
2512
2512
2512
2512
2512
2512
2512
2512
2512
2512
2513
2514
2514
2514
2514
2514
2514
2514
2514
2514
2514
2514
2514
2514
2515
2515
2515
2515
2515
2515
2515
2515
2515
2515
2515
2515
2515
2515
2515
2516
2516
2516
2516
2516
2516
2516
2516
2516
2516
2516
2516
2516
2516
2516
2516
2516
2516
2517
2517
2517
2517
2517
2517
2517
2517
2517
2517
2517
2517
2517
2517
2517
2517
2517
2517
2517
2517
2517
2518
2518
2518
2518
2518
2518
2518
2518
2518
2518
2518
2518
2518
2518
2518
2518
2519
2519
2519
2519
2519
2519
2519
2519
2519
2519
2519
2519
2519
2519
2519
2519
2519
2520
2520
2520
2520
2520
2520
2520
2520
2520
2520
2520
2534
2534
2534
2534
2535
2535
2535
2535
2535
2535
2538
2539
2539
2539
2539
2539
2539
2539
2539
2539
2539
2539
2539
2540
2540
2540
2540
2540
2540
2540
2541
2541
2541
2541
2541
2541
2541
2541
2542
2542
2542
2542
2542
2542
2542
2542
2542
2542
2542
2542
2542
2542
2543
2543
2543
2543
2543
2543
2543
2543
2543
2543
2543
2543
2543
2543
2543
2544
2544
2544
2544
2544
2544
2544
2544
2544
2545
2545
2545
2545
2545
2545
2545
2546
2546
2546
2546
2546
2546
2546
2546
2546
2546
2546
2546
2546
2546
2546
2546
2546
2547
2547
2547
2547
2547
2552
2552
2552
2552
2552
2552
2552
2552
2552
2552
2553
2553
2553
2553
2553
2553
2553
2553
2554
2554
2554
2554
2554
2554
2554
2554
2554
2554
2554
2554
2554
2554
2555
2555
2555
2555
2555
2555
2555
2555
2555
2555
2555
2555
2555
2555
2555
2555
2556
2556
2556
2556
2556
2556
2556
2556
2556
2556
2557
2557
2557
2557
2557
2557
2557
2557
2557
2557
2557
2557
2557
2557
2558
2558
2558
2558
2558
2558
2558
2558
2558
2559
2559
2559
2559
2559
2559
2559
2559
2560
2560
2560
2560
2560
2560
2560
2560
2561
2561
2561
2561
2561
2562
2562
2562
2562
2562
2562
2563
2563
2563
2563
2563
2563
2563
2563
2563
2563
2563
2563
2564
2564
2564
2564
2564
2564
2564
2564
2564
2564
2564
2565
2565
2565
2565
2565
2565
2565
2566
2566
2566
2566
2566
2566
2566
2566
2566
2566
2566
2567
2567
2567
2567
2567
2567
2567
2567
2567
2567
2571
2572
2572
2572
2572
2572
2572
2573
2573
2573
2573
2573
2574
2574
2574
2574
2574
2574
2575
2575
2575
2575
2575
2575
2575
2575
2575
2575
2576
2576
2576
2576
2576
2577
2577
2577
2577
2577
2577
2577
2577
2577
2577
2577
2577
2577
2578
2578
2578
2578
2578
2578
2578
2578
2578
2578
2578
2579
2579
2579
2579
2579
2579
2579
2579
2580
2580
2580
2580
2580
2580
2580
2580
2580
2580
2580
2580
2580
2580
2580
2580
2580
2580
2580
2581
2581
2581
2581
2581
2581
2581
2581
2581
2581
2581
2581
2581
2581
2582
2582
2582
2582
2582
2582
2582
2582
2585
2586
2586
2586
2586
2586
2586
2586
2586
2586
2586
2586
2587
2587
2587
2587
2587
2587
2587
2587
2587
2587
2587
2587
2587
2587
2587
2587
2587
2588
2588
2588
2588
2588
2588
2588
2588
2588
2588
2588
2588
2588
2588
2588
2588
2588
2588
2588
2588
2589
2589
2589
2589
2589
2589
2589
2589
2589
2589
2589
2589
2589
2589
2590
2590
2590
2590
2590
2590
2590
2590
2590
2590
2590
2590
2590
2590
2590
2591
2591
2591
2591
2591
2591
2591
2591
2591
2591
2591
2591
2591
2591
2591
2591
2591
2592
2592
2592
2592
2592
2592
2592
2592
2592
2592
2592
2592
2592
2593
2593
2593
2593
2593
2593
2593
2593
2593
2593
2593
2593
2594
2594
2594
2594
2594
2594
2594
2594
2594
2594
2594
2594
2594
2594
2594
2594
2594
2594
2594
2595
2595
2595
2595
2595
2595
2595
2595
2595
2595
2595
2595
2595
2595
2595
2595
2595
2595
2596
2596
2596
2596
2596
2596
2596
2596
2596
2596
2596
2596
2596
2596
2596
2597
2597
2597
2601
2601
2601
2601
2601
2601
2601
2601
2601
2601
2601
2602
2602
2602
2602
2602
2602
2602
2602
2602
2602
2602
2602
2603
2603
2603
2603
2603
2603
2603
2603
2603
2603
2603
2603
2603
2603
2603
2603
2604
2604
2604
2604
2604
2604
2604
2604
2604
2604
2604
2604
2604
2604
2604
2604
2604
2604
2605
2605
2605
2605
2605
2605
2605
2605
2605
2605
2605
2605
2605
2605
2605
2605
2606
2606
2606
2606
2606
2606
2606
2606
2606
2606
2606
2606
2606
2606
2607
2607
2607
2607
2607
2607
2607
2607
2607
2607
2607
2608
2608
2608
2608
2608
2608
2608
2608
2613
2613
2613
2613
2613
2613
2613
2613
2613
2614
2614
2614
2614
2614
2614
2614
2614
2614
2614
2614
2614
2615
2615
2615
2615
2615
2615
2615
2615
2615
2615
2615
2615
2615
2615
2615
2616
2616
2616
2616
2616
2616
2616
2616
2616
2616
2616
2616
2616
2616
2616
2616
2616
2617
2617
2617
2617
2617
2617
2617
2617
2617
2617
2617
2617
2618
2618
2618
2618
2618
2618
2618
2618
2618
2618
2618
2618
2619
2619
2619
2619
2619
2619
2619
2619
2619
2619
2619
2619
2619
2619
2620
2620
2620
2620
2620
2620
2620
2620
2620
2620
2620
2620
2620
2620
2621
2621
2621
2621
2621
2621
2621
2621
2621
2621
2621
2621
2621
2621
2622
2622
2622
2622
2622
2622
2622
2622
2622
2622
2622
2622
2622
2622
2623
2623
2623
2623
2623
2623
2623
2623
2624
2624
2624
2624
2624
2624
2624
2624
2625
2625
2625
2625
2625
2625
2625
2625
2625
2625
2625
2625
2625
2625
2626
2626
2626
2626
2626
2626
2626
2627
2627
2627
2627
2627
2627
2627
2627
2627
2627
2628
2628
2628
2628
2628
2628
2628
2628
2628
2628
2632
2632
2632
2632
2632
2633
2633
2633
2633
2633
2634
2634
2634
2634
2634
2634
2634
2634
2634
2634
2634
2634
2634
2634
2634
2634
2635
2635
2635
2635
2635
2635
2635
2635
2635
2635
2635
2635
2635
2635
2635
2635
2636
2636
2636
2636
2636
2636
2636
2636
2636
2636
2636
2636
2636
2636
2637
2637
2637
2637
2637
2637
2637
2637
2637
2637
2637
2637
2637
2638
2638
2638
2638
2638
2638
2638
2638
2638
2639
2639
2639
2639
2639
2639
2639
2639
2639
2639
2639
2639
2639
2639
2639
2639
2640
2640
2640
2640
2640
2640
2640
2640
2641
2641
2642
2645
2645
2645
2645
2645
2645
2645
2645
2645
2645
2646
2646
2646
2647
2647
2647
2647
2647
2647
2647
2647
2647
2647
2647
2647
2647
2647
2647
2647
2647
2647
2647
2647
2647
2648
2648
2648
2648
2648
2648
2648
2648
2648
2648
2648
2648
2648
2648
2648
2648
2648
2648
2648
2648
2648
2648
2648
2648
2648
2649
2649
2649
2649
2649
2649
2649
2649
2649
2649
2649
2649
2649
2649
2649
2649
2649
2649
2649
2649
2649
2649
2649
2649
2650
2650
2650
2650
2650
2650
2650
2650
2651
2651
2651
2651
2651
2651
2651
2651
2651
2651
2651
2651
2651
2651
2651
2652
2652
2652
2652
2652
2652
2652
2652
2652
2652
2652
2652
2652
2652
2653
2653
2653
2653
2653
2653
2653
2653
2653
2653
2653
2653
2653
2653
2653
2653
2653
2654
2654
2654
2654
2654
2654
2654
2654
2654
2654
2654
2654
2654
2654
2654
2654
2654
2655
2655
2655
2655
2655
2655
2655
2655
2655
2655
2655
2655
2655
2655
2655
2655
2655
2656
2656
2656
2656
2656
2656
2656
2656
2656
2656
2656
2656
2656
2656
2656
2656
2657
2657
2657
2657
2657
2657
2657
2657
2657
2657
2657
2657
2657
2657
2657
2657
2657
2657
2658
2658
2658
2658
2658
2658
2662
2663
2663
2663
2663
2663
2663
2663
2663
2663
2663
2663
2663
2664
2664
2664
2664
2664
2664
2664
2664
2664
2664
2664
2664
2664
2664
2664
2664
2664
2665
2665
2665
2665
2665
2665
2665
2665
2665
2665
2665
2665
2665
2665
2665
2665
2665
2665
2666
2666
2666
2666
2666
2666
2666
2666
2666
2666
2666
2666
2666
2666
2666
2666
2666
2666
2667
2667
2667
2667
2667
2667
2667
2667
2667
2667
2667
2667
2667
2667
2667
2667
2667
2667
2667
2667
2667
2667
2667
2668
2668
2668
2668
2668
2668
2668
2668
2668
2668
2668
2668
2668
2668
2668
2671
2672
2672
2672
2672
2672
2672
2672
2672
2672
2672
2672
2672
2672
2672
2672
2672
2673
2673
2673
2673
2673
2673
2673
2673
2673
2673
2673
2673
2673
2673
2673
2673
2673
2673
2673
2673
2673
2673
2673
2673
2673
2674
2674
2674
2674
2674
2674
2674
2674
2674
2674
2674
2674
2675
2675
2675
2675
2675
2675
2675
2675
2675
2675
2675
2675
2675
2675
2675
2675
2675
2676
2676
2676
2676
2676
2676
2676
2676
2676
2676
2676
2676
2676
2676
2676
2677
2677
2677
2677
2677
2677
2677
2677
2677
2677
2677
2677
2677
2677
2677
2677
2677
2677
2678
2678
2678
2678
2678
2678
2678
2678
2678
2678
2679
2679
2679
2679
2679
2679
2679
2679
2680
2680
2680
2680
2680
2680
2680
2680
2680
2680
2680
2681
2681
2681
2681
2681
2681
2681
2681
2681
2681
2681
2681
2681
2681
2682
2682
2682
2682
2682
2682
2682
2682
2682
2682
2682
2682
2682
2682
2682
2683
2683
2683
2683
2683
2683
2683
2683
2683
2683
2683
2683
2683
2683
2683
2683
2683
2683
2683
2683
2683
2684
2684
2684
2684
2684
2684
2684
2684
2684
2684
2684
2684
2684
2684
2684
2684
2684
2684
2684
2684
2685
2685
2685
2685
2685
2685
2685
2685
2685
2685
2685
2685
2685
2685
2685
2685
2685
2685
2685
2685
2685
2686
2686
2686
2686
2686
2686
2690
2690
2690
2690
2690
2690
2690
2690
2690
2690
2691
2691
2691
2691
2691
2691
2691
2692
2692
2692
2692
2692
2692
2692
2692
2693
2693
2693
2693
2693
2693
2693
2693
2693
2693
2693
2693
2693
2693
2693
2693
2694
2694
2694
2694
2694
2694
2694
2694
2694
2694
2694
2695
2695
2695
2695
2695
2695
2695
2695
2695
2695
2696
2696
2696
2696
2696
2696
2696
2696
2697
2697
2697
2697
2697
2697
2697
2697
2697
2697
2697
2697
2697
2697
2697
2697
2697
2697
2698
2698
2698
2698
2698
2698
2698
2698
2698
2698
2698
2698
2699
2699
2699
2699
2699
2702
2702
2702
2702
2702
2702
2702
2702
2702
2702
2703
2703
2703
2703
2703
2703
2703
2703
2703
2703
2703
2703
2703
2703
2703
2704
2704
2704
2704
2704
2704
2704
2704
2704
2704
2704
2704
2704
2704
2704
2704
2704
2704
2705
2705
2705
2705
2705
2705
2705
2705
2705
2705
2705
2705
2705
2705
2705
2705
2706
2706
2706
2706
2706
2706
2706
2706
2706
2706
2706
2706
2706
2706
2706
2706
2706
2706
2707
2707
2707
2707
2707
2707
2707
2707
2707
2707
2707
2707
2708
2708
2708
2708
2708
2708
2708
2708
2708
2708
2708
2708
2708
2708
2708
2709
2709
2709
2709
2709
2709
2709
2709
2709
2710
2710
2710
2710
2710
